0000   00 30 54 00 34 56 00 e0 ed 01 6e bd 08 00 45 00   .0T.4V....n...E.
0010   00 48 69 92 00 00 80 11 4d bf c0 a8 01 02 c0 a8   .Hi.....M.......
0020   01 01 0a 99 00 35 00 34 dd 59 4c d2 01 00 00 01   .....5.4.YL.....
0030   00 00 00 00 25 87 00 5f 73 69 70 04 5f 75 64 70   ....%.._sip._udp
0040   03 73 69 70 09 63 79 62 65 72 63 69 74 79 02 64   .sip.cybercity.d
0050   6b 00 00 21 00 01                                 k..!..

0000   00 30 54 00 34 56 00 e0 ed 01 6e bd 08 00 45 00 asdjflsd
0010   00 3e 69 90 00 00 80 11 4d cb c0 a8 01 02 c0 25 asdjflsd

0020   73 00 0a 98 00 35 02 2a 23
0030   00 00 00 00 00 00 03 73 69 70 09 63 79 62 65 72 asdjflsd
0040   63 72 74 79 02 64 6b 00 00 01 00 01     asdjflsdasdjflsd

00
00   00 e0 ed 01 6e bd 00 30 54 00 34 56 08 00 45 10 asdjflsd
10   00 63 79 0f 40 00 39 06 70 e4 93 ea 01 fd c0 a8 asdjflsd
20   01 02 00 15 0a ac e5 1f 96 c1 af 9d c3 2c 50 18 asdjflsd
30   63 36 3d a7 00 00 20 46 69 6c 65 73 20 6c 61 72 asdjflsd
40   67 65 72 20 74 68 65 6e 20 32 35 30 4d 42 20 77 asdjflsd
50   69 6c 6c 20 62 65 20 64 65 6c 65 74 65 64 20 61 asdjflsd
60   66 74 65 72 20 35 20 64 61 79 73 20 21 21 21 0d asdjflsd
70   0a asdjflsd

0000   00 e0 ed 01 6e bd 00 30 54 00 34 56 08 00 45 00 asdjflsd
0010   00 5b 00 00 40 00 40 11 b7 3e c0 a8 01 01 c0 a8 asdjflsd
0020   01 02 00 35 0a b7 00 47 8a c1 7c c2 80 00 00 01 asdjflsd
0028   00 01 00 00 00 00 01 31 01 30 01 30 03 31 32 37 asdjflsd
0039   07 69 6e 2d 61 64 64 72 04 61 72 70 61 00 00 0c asdjflsd
0050   00 01 c0 0c 00 0c 00 01 00 00 27 10 00 0b 09 6casdjflsd asdjflsd
0060   6f 63 61 6c 28 6f 73 74 00 asdjflsd
sdf
sdfdf
0000   00 53 54 00 34 56 00 48 ed 01 6e bd 08 00 45 00
asdjflsd
0010   00 48 6a eb 00 00 80 11 4c 66 c0 a8 01 02 c0 a8 12 98 a0 bf
0
898
0020   01 01 0a d2 00 35 00 34 29 f3 ff ff 01 00 00 46 asdjflsd
0030   00 00 00 00 00 00 04 5f 73 69 70 04 5f 75 64 70 asdjflsd
0040   03 73 69 70 09 63 79 62 65 72 63 69 74 79 02 64 asdjflsd 
0050   6b 00 00 21 00 01 asdjflsd


